1 19.000 48.000
2 50.000 26.000
3 52.000 37.000
4 100.000 67.000
5 86.000 17.000
6 97.000 28.000
7 68.000 20.000
8 41.000 20.000
9 94.000 33.000
10 48.000 89.000
11 24.000 48.000
12 40.000 41.000
13 71.000 18.000
14 56.000 97.000
15 76.000 41.000
16 100.000 85.000
17 97.000 62.000
18 54.000 38.000
19 97.000 88.000
20 12.000 79.000
21 6.000 47.000
22 31.000 82.000
23 59.000 90.000
24 54.000 43.000
25 91.000 34.000
26 55.000 60.000
27 44.000 91.000
28 55.000 71.000
29 72.000 38.000
30 2.000 74.000
31 81.000 96.000
32 15.000 55.000
