1 42.031 96.061
2 73.092 54.092
3 1.092 55.046
4 31.061 32.061
5 15.184 69.153
6 10.061 84.061
7 19.031 2.033
8 35.031 76.031
9 25.015 99.061
10 54.061 75.123
11 42.061 29.061
12 69.123 79.123
13 21.092 11.092
14 88.184 45.184
15 3.085 91.092
16 68.092 10.031
17 42.153 29.153
18 56.031 14.031
19 15.031 2.061
20 -0.000 68.061
21 81.061 22.061
22 97.061 27.031
23 32.031 30.000
24 55.046 6.092
25 88.061 58.000
26 69.938 15.061
27 9.061 59.000
28 4.037 54.970
29 17.061 11.061
30 88.092 42.046
31 10.061 50.016
32 43.031 42.076
